88
3535 3580 7
2
56 89
2173 3134 9
1
14
26 1158 6
3
105 71 78
2545 2674 6
5
22 87 78 50 58
2451 2485 4
2
40 104
810 1053 6
3
56 52 53
1410 1474 4
9
67 24 37 35 20 4 62 86 76
2488 3557 7
4
103 13 38 25
2679 3137 4
7
19 36 38 25 7 10 30
2889 3231 7
7
56 89 63 21 25 5 11
250 1980 6
6
61 91 98 45 44 41
2420 3415 7
5
42 57 49 77 88
3492 3507 6
7
12 6 26 22 64 90 55
1403 3229 9
9
75 85 61 96 89 63 21 23 68
3319 3534 7
4
9 8 26 37
1431 1513 9
1
54
622 3306 9
3
16 90 95
3494 3551 4
5
65 64 90 95 91
2823 2961 4
3
28 10 32
2810 3068 7
3
52 36 38
259 2225 9
4
19 36 38 25
2410 2697 6
3
77 88 21
833 1357 6
2
72 106
1722 2448 6
7
46 56 52 36 38 23 68
3150 3417 7
8
80 83 65 87 78 50 58 41
3580 3592 7
4
77 88 21 23
456 1758 4
4
38 25 7 10
2369 3258 7
1
91
1950 3141 7
2
29 32
1863 2298 9
7
57 49 77 88 21 23 73
3013 3387 4
5
103 13 35 20 2
390 1326 9
4
6 26 37 35
3555 3573 4
1
63
2215 3063 7
2
89 100
932 2208 4
3
38 22 66
330 1475 4
3
93 98 45
3313 3594 6
2
20 2
1744 2796 6
2
102 106
1781 3337 4
5
1 4 96 89 100
1983 2351 7
7
1 19 36 38 25 5 11
1810 2629 4
3
98 105 71
3371 3387 9
9
67 24 37 35 20 4 62 86 76
2679 3095 6
1
62
2742 3292 6
2
30 80
2818 3554 9
7
75 85 61 96 89 15 14
1819 3497 9
4
21 25 7 10
3029 3460 7
3
1 4 91
2079 2528 7
1
19
989 3487 9
4
13 16 63 66
3489 3496 7
3
90 95 62
1617 2544 9
4
101 99 15 14
3591 3593 7
9
42 57 49 77 88 21 25 5 11
3476 3500 9
4
65 64 15 35
431 1343 6
6
36 38 25 7 10 30
3268 3340 6
3
46 56 95
363 1992 9
2
69 24
151 2452 6
4
12 28 10 34
2893 2994 7
3
12 28 10
1420 2907 7
1
57
2546 2640 7
2
95 3
3571 3590 6
6
12 6 26 22 87 72
3280 3575 7
3
55 45 44
1827 2878 7
6
26 22 64 90 55 45
2743 3010 6
5
24 22 87 78 50
90 3365 7
5
77 88 21 25 5
727 2458 7
4
64 90 95 62
1918 2776 9
2
28 10
2000 2503 4
2
1 4
2869 3494 6
3
66 84 79
2094 2286 6
4
19 36 38 25
907 3342 6
3
37 16 100
3225 3276 7
3
45 44 57
2597 3550 9
2
42 57
2394 2490 9
2
64 100
1842 3580 6
5
67 24 37 35 20
3379 3598 6
8
85 61 96 89 63 66 84 79
91 2641 6
2
99 15
1126 3050 4
3
61 91 98
970 1431 6
1
54
2331 2978 7
4
99 63 66 84
1774 2213 9
1
38
3245 3426 7
5
91 98 105 71 78
2349 3185 9
2
42 57
1170 2193 9
8
42 57 49 77 88 21 23 68
3309 3400 7
1
91
1635 1949 9
2
36 16
2413 3174 4
5
57 49 77 88 21
1253 1648 9
5
46 56 52 36 14
